2 4 9
2 6 1
9 3 5
5 4 9
3 10 10
8 6 8
2 6 7
10 9 1
8 4 8
3 5 6
7 1 9
3 2 1
9 8 6
3 8 10
1 8 5
6 3 1
8 8 3
7 10 6
8 6 10
1 9 7
1 7 1
9 10 10
10 9 2
1 5 1
7 9 9
9 7 8
7 7 10
2 9 4
7 9 2
8 3 10
4 3 4
10 4 2
10 3 7
10 7 5
8 5 3
3 2 7
7 6 8
5 5 8
3 1 9
7 1 10
2 8 4
4 10 10
1 3 2
6 6 8
5 3 1
1 4 10
2 9 10
3 2 9
3 4 1
10 10 8
3 4 1
7 3 10
5 6 3
3 10 9
9 8 9
1 10 1
10 5 3
3 4 5
6 10 4
2 3 2
5 2 5
3 4 2
1 2 9
8 8 7
7 6 2
8 7 1
4 10 4
3 5 1
10 8 5
2 1 4
5 2 1
1 8 4
7 4 1
9 6 4
6 8 3
1 5 1
10 5 4
8 1 7
8 2 5
6 9 1
3 3 1
6 10 1
10 8 6
10 9 2
10 3 4
3 5 5
7 4 9
7 2 8
1 6 10
8 3 4
10 2 4
3 4 8
7 4 3
4 9 9
2 8 1
6 5 3
10 10 10
2 8 6
4 10 1
8 4 8
